City_ID,City,Lat,Lng,Max Temp,Humidity,Cloudiness,Wind Speed,Country,Date
0,cooper's town,26.8667,-77.5167,68.86,65,2,16.28,BS,1707878126
1,puerto natales,-51.7236,-72.4875,50.34,99,100,1.23,CL,1707878127
2,adamstown,-25.066,-130.1015,77.02,85,100,14.97,PN,1707877880
3,keflavik,64.0049,-22.5624,27.03,86,0,4.61,IS,1707878127
4,flat river,37.8501,-90.5168,48.85,49,0,5.75,US,1707878127
5,iqaluit,63.7506,-68.5145,-2.47,78,75,0.0,CA,1707878128
6,longyearbyen,78.2186,15.6401,28.24,69,75,28.77,SJ,1707878128
7,guozhen,34.3659,107.359,48.13,29,100,9.89,CN,1707878129
8,papatowai,-46.5619,169.4708,72.12,47,0,0.92,NZ,1707878129
9,newman,37.3138,-121.0208,57.54,77,99,3.62,US,1707878129
10,las palmas de gran canaria,28.0997,-15.4134,69.93,46,0,4.61,ES,1707878130
11,fort bragg,35.139,-79.006,44.8,60,0,0.0,US,1707878063
12,port-aux-francais,-49.35,70.2167,46.85,91,100,18.59,TF,1707878130
13,edinburgh of the seven seas,-37.0676,-12.3116,64.26,83,60,10.29,SH,1707878130
14,bilibino,68.0546,166.4372,-25.83,97,100,1.34,RU,1707877950
15,san patricio,28.017,-97.5169,62.46,59,83,8.1,US,1707878131
16,weno,7.4515,151.8468,85.95,66,40,13.8,FM,1707878131
17,olonkinbyen,70.9221,-8.7187,24.82,89,100,26.53,SJ,1707878131
18,broome,42.2506,-75.833,32.38,82,75,11.5,US,1707878131
19,micheweni,-4.9667,39.8333,83.17,72,97,11.97,TZ,1707878132
20,itapemirim,-21.0111,-40.8339,76.33,85,99,6.51,BR,1707877834
21,bredasdorp,-34.5322,20.0403,62.4,91,56,4.65,ZA,1707878132
22,santa ana de yacuma,-13.75,-65.4333,73.92,99,100,4.92,BO,1707878132
23,port mathurin,-19.6833,63.4167,81.12,81,100,18.88,MU,1707878132
24,isafjordur,66.0755,-23.124,25.65,77,79,13.73,IS,1707877914
25,tolanaro,-25.0319,46.9987,77.07,94,40,11.5,MG,1707878133
26,west island,-12.1568,96.8225,85.98,70,40,11.5,CC,1707878133
27,waitangi,-43.9535,-176.5597,63.82,77,2,9.4,NZ,1707878133
28,kerikeri,-35.2268,173.9474,72.64,51,0,8.99,NZ,1707878133
29,touros,-5.1989,-35.4608,80.49,77,96,6.91,BR,1707878133
30,inongo,-1.95,18.2667,74.68,87,97,5.21,CD,1707878133
31,badger,64.8,-147.5333,43.05,64,75,9.22,US,1707878117
32,jamestown,42.097,-79.2353,31.59,78,100,11.5,US,1707878135
33,port alfred,-33.5906,26.891,67.17,95,100,12.59,ZA,1707877901
34,st. john's,47.5649,-52.7093,30.78,87,100,4.61,CA,1707878135
35,kaifeng,34.7911,114.3483,61.36,53,88,3.87,CN,1707878135
36,nemuro,43.3236,145.575,37.87,81,11,8.25,JP,1707878135
37,zheleznogorsk-ilimskiy,56.5768,104.1217,1.06,95,100,6.11,RU,1707878135
38,tiksi,71.6872,128.8694,-10.17,98,100,5.3,RU,1707878136
39,shaowu,27.3409,117.4831,68.92,57,29,2.77,CN,1707878136
40,terrace,54.5163,-128.6035,32.22,74,20,17.27,CA,1707878136
41,grytviken,-54.2811,-36.5092,42.82,91,100,11.01,GS,1707878136
42,vorgashor,67.5833,63.95,-21.14,98,6,7.2,RU,1707878136
43,akjoujt,19.6969,-14.4164,74.5,30,26,9.62,MR,1707877877
44,salalah,17.0151,54.0924,75.29,64,0,4.61,OM,1707878137
45,point fortin,10.1833,-61.6833,78.22,84,80,11.54,TT,1707878137
46,yerofey pavlovich,53.9667,121.9667,7.0,80,100,2.28,RU,1707878124
47,aalborg,57.048,9.9187,36.97,100,75,4.61,DK,1707878114
48,whitecourt,54.1502,-115.6855,25.84,68,75,4.61,CA,1707878137
49,kirensk,57.7853,108.1119,1.96,88,100,8.43,RU,1707878089
50,stanley,54.868,-1.6985,41.72,96,100,1.14,GB,1707878137
51,karratha,-20.7377,116.8463,87.75,60,68,8.21,AU,1707878137
52,wladyslawowo,54.7909,18.4009,38.93,90,100,7.14,PL,1707878138
53,bodo,67.28,14.405,23.04,63,75,31.07,NO,1707878098
54,barcelos,41.5388,-8.6151,62.92,98,100,4.09,PT,1707878138
55,bac lieu,9.285,105.7244,85.44,60,31,21.32,VN,1707878138
56,iskateley,67.6803,53.1512,-20.97,98,6,8.01,RU,1707878138
57,port elizabeth,-33.918,25.5701,68.31,95,100,13.8,ZA,1707878138
58,avarua,-21.2078,-159.775,84.25,65,40,9.22,CK,1707878138
59,cidade velha,14.9167,-23.6167,72.07,78,20,6.91,CV,1707878139
60,plettenberg bay,-34.0527,23.3716,63.66,94,12,5.66,ZA,1707878139
61,punta arenas,-53.15,-70.9167,55.51,62,100,9.22,CL,1707877895
62,kaga bandoro,6.9896,19.1874,74.35,21,97,2.75,CF,1707878139
63,kodiak,57.79,-152.4072,38.71,93,100,17.27,US,1707878139
64,zharkent,44.1628,80.0,30.61,65,100,2.8,KZ,1707878139
65,codrington,-38.2667,141.9667,64.35,40,1,13.0,AU,1707878139
66,tarnogskiy gorodok,60.4997,43.5761,-21.68,100,16,2.39,RU,1707878139
67,ushuaia,-54.8,-68.3,51.46,58,0,18.41,AR,1707878140
68,bassar,9.25,0.7833,75.58,16,3,3.2,TG,1707878140
69,hithadhoo,-0.6,73.0833,82.54,80,96,12.37,MV,1707878124
70,port lincoln,-34.7333,135.8667,65.73,48,3,12.44,AU,1707878140
71,hadibu,12.65,54.0333,75.02,78,72,10.51,YE,1707878140
72,fale old settlement,-9.3852,-171.2468,83.26,80,100,22.17,TK,1707878140
73,wailua homesteads,22.0669,-159.378,77.43,73,0,16.11,US,1707878040
74,albany,42.6001,-73.9662,34.23,67,39,3.0,US,1707878141
75,volosovo,59.4333,29.4833,15.21,84,100,11.83,RU,1707878141
76,selfoss,63.9331,-20.9971,14.04,84,12,6.53,IS,1707878141
77,nacala,-14.5428,40.6728,74.32,96,100,5.91,MZ,1707878141
78,talnakh,69.4865,88.3972,-27.96,91,31,3.47,RU,1707878086
79,happy valley-goose bay,53.3168,-60.3315,28.71,80,100,9.22,CA,1707878141
80,san mariano,7.5,126.0,84.04,59,30,8.28,PH,1707878141
81,thompson,55.7435,-97.8558,21.36,100,100,2.3,CA,1707878141
82,san luis,-33.295,-66.3356,67.59,51,0,6.73,AR,1707878142
83,jacksonville,30.3322,-81.6556,57.31,71,40,8.05,US,1707877580
84,blackmans bay,-43.0167,147.3167,64.72,40,18,1.99,AU,1707878142
85,yellowknife,62.456,-114.3525,0.12,85,20,3.44,CA,1707878051
86,grand falls-windsor,48.9332,-55.6649,14.05,98,97,0.94,CA,1707878142
87,belidzhi,41.8918,48.4125,47.84,69,100,1.74,RU,1707878142
88,nishinoomote,30.7333,131.0,68.56,48,20,16.11,JP,1707878142
89,whitehorse,60.7161,-135.0538,21.97,79,75,12.66,CA,1707878143
90,sisimiut,66.9395,-53.6735,-5.62,70,10,11.16,GL,1707878143
91,puerto ayora,-0.7393,-90.3518,80.55,96,100,3.0,EC,1707877906
92,margaret river,-33.95,115.0667,76.03,41,77,2.89,AU,1707878143
93,srinagar,34.0833,74.8167,37.74,41,0,1.66,IN,1707878143
94,invercargill,-46.4,168.35,76.01,39,0,24.0,NZ,1707878143
95,tual,-5.6667,132.75,83.26,77,91,15.84,ID,1707878143
96,kayangel,8.0823,134.7173,80.67,74,59,20.49,PW,1707878143
97,tamanrasset,22.785,5.5228,57.11,24,0,3.44,DZ,1707878144
98,vila franca do campo,37.7167,-25.4333,57.61,87,100,9.75,PT,1707878144
99,polyarnyy,69.1989,33.4478,-0.94,95,95,17.16,RU,1707878144
100,rhinelander,45.6366,-89.4121,23.38,68,91,3.89,US,1707878144
101,suva,-18.1416,178.4415,90.88,70,75,11.5,FJ,1707878144
102,dalandzadgad,43.5708,104.425,13.03,58,6,1.77,MN,1707878144
103,constantia,44.1833,28.65,43.7,82,100,12.26,RO,1707878045
104,manta,-0.95,-80.7333,80.38,83,20,15.01,EC,1707878145
105,saipan,15.1355,145.701,83.1,65,75,20.71,MP,1707878145
106,labrador city,52.9463,-66.9114,17.51,96,100,18.01,CA,1707878145
107,xining,36.6167,101.7667,28.56,57,71,3.22,CN,1707878145
108,moultrie,31.1799,-83.7891,51.82,71,20,3.44,US,1707878145
109,baise city,23.8997,106.6133,72.86,65,95,5.97,CN,1707878145
110,mach,29.8637,67.3298,54.75,38,0,4.63,PK,1707878147
111,lohne,52.6667,8.2333,45.88,88,100,3.0,DE,1707878147
112,fortuna,40.5982,-124.1573,52.93,89,75,0.0,US,1707878147
113,koulikoro,14.0,-7.75,74.08,10,2,8.1,ML,1707878147
114,nogliki,51.8333,143.1667,8.38,83,100,14.83,RU,1707878147
115,howard springs,-12.497,131.047,81.99,91,92,10.92,AU,1707878147
116,hasaki,35.7333,140.8333,55.8,32,0,3.22,JP,1707878148
117,vikhorevka,56.1201,101.1636,-2.61,92,98,4.29,RU,1707877942
118,arkhangel'sk,64.5401,40.5433,-26.88,67,20,0.0,RU,1707878093
119,kalmunai,7.4167,81.8167,80.98,82,91,13.53,LK,1707878148
120,kununurra,-15.7667,128.7333,89.58,66,47,6.91,AU,1707878148
121,crane,31.3974,-102.3501,56.64,33,57,20.11,US,1707878148
122,puerto cabezas,14.0351,-83.3888,76.46,90,81,8.7,NI,1707878148
123,tazovsky,67.4667,78.7,-36.11,98,28,5.44,RU,1707877945
124,ulladulla,-35.35,150.4667,63.3,88,100,10.96,AU,1707878149
125,ribeira grande,38.5167,-28.7,59.77,77,6,15.01,PT,1707878149
126,sabha,27.0377,14.4283,53.19,57,0,10.4,LY,1707878149
127,lihue,21.9789,-159.3672,78.04,72,0,16.11,US,1707878149
128,uaua,-9.8414,-39.4817,74.17,76,80,11.34,BR,1707878149
129,fort mcmurray,56.7268,-111.381,24.39,93,100,4.61,CA,1707878149
130,praia da vitoria,38.7333,-27.0667,56.75,88,20,12.44,PT,1707878149
131,mont-tremblant,46.1949,-74.6264,19.36,79,100,3.44,CA,1707877859
132,port saint john's,-31.6229,29.5448,72.57,89,71,4.99,ZA,1707878150
133,gadzhiyevo,69.2551,33.3362,-2.52,97,97,15.59,RU,1707878150
134,rumoi,43.9344,141.6428,40.37,85,70,12.91,JP,1707878150
135,egilsstadir,65.2653,-14.3948,15.71,86,0,4.61,IS,1707878150
136,dashiqiao,40.6373,122.5025,35.67,55,100,16.91,CN,1707878150
137,mohammedia,33.7066,-7.3944,64.53,100,100,6.91,MA,1707878150
138,rio grande,-32.035,-52.0986,63.95,64,100,10.51,BR,1707877909
139,sola,-13.8833,167.55,83.03,74,34,15.46,VU,1707878151
140,linqiong,30.4159,103.4609,55.22,56,92,0.63,CN,1707878151
141,kloulklubed,7.0419,134.2556,86.5,75,64,21.65,PW,1707878151
142,qaqortoq,60.7167,-46.0333,30.52,97,100,6.98,GL,1707878151
143,murzuq,25.9155,13.9184,54.52,47,0,9.95,LY,1707878151
144,georgetown,5.4112,100.3354,86.95,66,20,9.22,MY,1707878151
145,saint-pierre,-21.3393,55.4781,76.68,78,0,3.44,RE,1707878152
146,kisangani,0.5167,25.2,71.85,94,100,2.66,CD,1707878152
147,katsuren-haebaru,26.3369,127.8719,74.08,64,0,17.27,JP,1707878152
148,okoneshnikovo,54.8377,75.0834,25.21,95,100,16.49,RU,1707878152
149,fernie,49.5,-115.0687,23.2,93,100,4.65,CA,1707878152
150,port moresby,-9.4431,147.1797,87.22,70,75,17.27,PG,1707878152
151,nova vicosa,-17.8919,-39.3719,77.11,89,78,5.19,BR,1707878152
152,shaoxing,30.011,120.5715,66.15,53,6,4.14,CN,1707878153
153,vorkuta,67.5,64.0,-23.85,99,6,5.64,RU,1707878153
154,gozyeri,40.866,32.5417,38.52,95,100,2.15,TR,1707878153
155,haiku-pauwela,20.9219,-156.3051,75.22,79,40,10.36,US,1707878153
156,jeddah,21.5169,39.2192,76.86,83,20,3.44,SA,1707878153
157,new norfolk,-42.7826,147.0587,65.91,26,3,9.73,AU,1707878154
158,al jabin,14.704,43.599,55.4,75,28,0.69,YE,1707878154
159,vatutine,49.015,31.0621,43.3,90,98,4.68,UA,1707878154
160,daru,-9.0763,143.2092,87.46,69,55,9.13,PG,1707878154
161,shenkursk,62.1091,42.896,-30.55,100,15,1.83,RU,1707878154
162,namdrik,5.5994,168.1028,82.06,75,100,16.8,MH,1707878154
163,ondjiva,-17.0667,15.7333,71.64,94,0,4.61,AO,1707878154
164,onguday,50.75,86.15,6.3,83,99,5.35,RU,1707878155
165,kralendijk,12.15,-68.2667,80.58,78,57,16.11,BQ,1707878155
166,yaren,-0.5472,166.916,81.88,81,100,8.9,NR,1707878155
167,eastham,41.8301,-69.9739,33.78,87,65,7.0,US,1707878155
168,port douglas,-16.4833,145.4667,83.55,74,45,6.96,AU,1707877977
169,anadyr,64.75,177.4833,-14.01,75,40,11.18,RU,1707877918
170,port blair,11.6667,92.75,84.24,74,20,12.66,IN,1707878155
171,harper,4.375,-7.7169,80.69,88,50,6.87,LR,1707878156
172,xilin hot,43.9667,116.0333,7.03,75,6,1.43,CN,1707878156
173,nuuk,64.1835,-51.7216,11.01,79,1,20.71,GL,1707878156
174,klyuchi,52.2667,79.1667,19.45,92,100,25.7,RU,1707878156
175,temirlanovka,42.5994,69.2633,42.39,59,94,5.73,KZ,1707878156
176,vanimo,-2.6741,141.3028,81.16,84,100,4.76,PG,1707878156
177,sorong,-0.8833,131.25,84.78,70,83,16.26,ID,1707878156
178,itoman,26.1247,127.6694,74.08,64,75,25.32,JP,1707878157
179,miyako,39.6367,141.9525,56.48,58,35,11.88,JP,1707878157
180,greymouth,-42.4667,171.2,63.27,71,54,7.4,NZ,1707878116
181,adigrat,14.277,39.462,55.33,40,99,3.6,ET,1707878157
182,bikenibeu village,1.3673,173.1241,85.96,79,75,8.05,KI,1707878157
183,mukalla,14.5425,49.1242,72.73,83,16,6.62,YE,1707878157
184,kiunga,-6.1219,141.2906,84.13,71,100,3.02,PG,1707878157
185,carutapera,-1.195,-46.02,76.06,94,100,3.89,BR,1707878157
186,college,64.8569,-147.8028,43.12,64,75,9.22,US,1707877910
187,saudarkrokur,65.7461,-19.6394,17.69,91,80,11.77,IS,1707877962
188,buka,40.8108,69.1986,47.21,47,51,1.01,UZ,1707878158
189,kruisfontein,-34.0033,24.7314,64.8,90,73,10.13,ZA,1707878158
190,petropavlovsk-kamchatsky,53.0452,158.6483,7.39,62,75,4.47,RU,1707877860
191,abepura,-2.6333,140.5833,86.81,66,20,4.61,ID,1707878158
192,capao bonito,-24.0058,-48.3494,68.92,98,100,3.15,BR,1707878158
193,dyatlovo,53.4631,25.4068,35.29,75,100,9.06,BY,1707878158
194,katsuura,35.1333,140.3,59.68,46,0,6.53,JP,1707878159
195,susuman,62.7833,148.1667,-31.65,97,95,0.92,RU,1707878005
196,shimoda,34.6667,138.95,62.96,56,1,20.02,JP,1707878159
197,vilyuchinsk,52.9306,158.4028,10.67,67,61,1.14,RU,1707878159
198,bandar lampung,-5.4254,105.258,84.81,72,74,6.91,ID,1707878159
199,tura,25.5198,90.2201,74.77,27,36,0.69,IN,1707878159
200,great bend,38.3645,-98.7648,45.61,57,0,3.44,US,1707877993
201,huanggang,23.677,116.9996,67.89,67,0,4.9,CN,1707878160
202,al jawf,29.5,38.75,57.22,36,48,10.09,SA,1707878160
203,la ronge,55.1001,-105.2842,8.85,66,75,16.11,CA,1707878160
204,luumaki,60.9262,27.5814,15.31,93,100,12.35,FI,1707878160
205,udachny,66.4167,112.4,-29.56,66,100,5.39,RU,1707878160
206,uliastay,47.7417,96.8444,-1.25,74,0,5.39,MN,1707878160
207,nambutalai,9.7167,79.0,80.33,77,100,13.02,IN,1707878160
208,pasuquin,18.3328,120.6177,84.15,51,20,3.44,PH,1707878160
209,byron bay,-28.65,153.6167,87.71,60,11,10.33,AU,1707878161
210,san julian,21.0167,-102.1667,59.31,50,100,10.78,MX,1707878161
211,ust-nera,64.5667,143.2,-27.38,96,100,0.98,RU,1707878161
212,tevriz,57.509,72.4042,11.43,94,100,8.72,RU,1707878161
213,ahmadpur east,29.1431,71.2598,58.12,21,0,5.77,PK,1707878161
214,coxim,-18.5067,-54.76,81.45,58,61,2.35,BR,1707878161
215,utrik,11.2278,169.8474,79.21,74,100,18.45,MH,1707878161
216,namibe,-15.1961,12.1522,80.73,77,100,11.59,AO,1707878162
217,nova sintra,14.8667,-24.7167,67.8,78,1,15.68,CV,1707878162
218,bethel,41.3712,-73.414,33.66,73,100,3.44,US,1707878162
219,beira,-19.8436,34.8389,77.09,78,20,4.25,MZ,1707878163
220,hawaiian paradise park,19.5933,-154.9731,78.31,75,100,6.91,US,1707878163
221,ingeniero guillermo n. juarez,-23.9,-61.85,70.66,80,100,8.7,AR,1707878163
222,prado,-17.3411,-39.2208,76.59,92,60,1.95,BR,1707878163
223,acapulco de juarez,16.8634,-99.8901,80.42,74,40,4.61,MX,1707878081
224,vadso,70.0744,29.7487,10.56,72,20,28.77,NO,1707878163
225,darwin,-12.4611,130.8418,82.06,90,75,4.61,AU,1707878164
226,kyzylorda,44.8528,65.5092,32.02,80,0,6.71,KZ,1707878164
227,geraldton,-28.7667,114.6,104.41,16,0,16.11,AU,1707878164
228,atafu village,-8.5421,-172.5159,82.4,84,100,21.7,TK,1707878164
229,kavaratti,10.5669,72.642,82.51,67,16,11.95,IN,1707878164
230,nuku'alofa,-21.1333,-175.2,84.54,84,75,16.11,TO,1707878165
231,brisas de zicatela,15.8369,-97.0419,81.12,78,0,2.3,MX,1707878165
232,hancheng,32.5186,112.3522,59.76,76,100,3.98,CN,1707878165
233,uturoa,-16.7333,-151.4333,80.51,82,100,23.64,PF,1707878165
234,achinsk,56.2694,90.4993,12.7,77,100,12.95,RU,1707877906
235,east london,-33.0153,27.9116,67.5,83,9,9.31,ZA,1707878165
236,beau vallon,-20.4189,57.6953,80.83,89,75,3.44,MU,1707878166
237,amasra,41.7463,32.3863,49.42,90,100,4.54,TR,1707878166
238,bulayevo,54.9056,70.4439,6.42,90,99,19.77,KZ,1707878166
239,idri,27.5,13.2667,52.63,58,0,8.84,LY,1707878166
240,puente nacional,5.8774,-73.6781,63.93,92,82,2.71,CO,1707878166
241,hermanus,-34.4187,19.2345,59.81,86,78,4.41,ZA,1707878166
242,banda aceh,5.5577,95.3222,84.22,70,22,14.67,ID,1707878167
243,bandipura,34.4167,74.65,33.76,42,0,7.63,IN,1707878167
244,dudinka,69.4058,86.1778,-35.32,99,28,4.0,RU,1707877946
245,hamilton,39.1834,-84.5333,46.35,54,100,6.91,US,1707878066
246,aasiaat,68.7098,-52.8699,-22.05,93,18,11.83,GL,1707878167
247,vila velha,-20.3297,-40.2925,78.94,87,0,9.22,BR,1707878167
248,timbiras,-4.2553,-43.9406,73.29,99,99,1.88,BR,1707878168
249,hantsavichy,52.758,26.43,36.1,84,100,11.21,BY,1707878168
250,ivdel',60.6911,60.4206,-15.81,87,40,11.99,RU,1707878168
251,phan rang-thap cham,11.5667,108.9833,85.71,55,18,12.53,VN,1707878169
252,gaigeturi,33.4644,126.3183,60.85,77,100,5.75,KR,1707878169
253,edson,53.5835,-116.4356,23.14,80,100,1.14,CA,1707878169
254,svobodnyy,51.4,128.1333,9.64,63,49,14.79,RU,1707878073
255,sydney,-33.8679,151.2073,92.55,59,90,5.99,AU,1707877340
256,hovd,48.0056,91.6419,8.38,54,58,2.06,MN,1707877870
257,mejit,10.2753,170.8646,79.61,77,100,18.34,MH,1707878169
258,shubarshi,48.5872,57.1869,29.12,98,100,4.45,KZ,1707878171
259,dunaivtsi,48.8891,26.8564,35.35,96,100,18.05,UA,1707878171
260,kupang,-10.1667,123.5833,79.38,100,75,4.61,ID,1707878171
261,rochester,43.1548,-77.6156,30.81,74,100,17.27,US,1707878002
262,laojunmiao,39.8333,97.7333,24.42,61,82,2.68,CN,1707878172
263,chonchi,-42.6128,-73.8092,58.32,59,0,2.66,CL,1707878172
264,saacow,1.6279,42.4407,76.93,81,8,11.61,SO,1707878172
265,ola,59.5833,151.2833,-5.94,82,100,4.18,RU,1707878172
266,shizunai-furukawacho,42.3339,142.3669,43.54,83,19,13.2,JP,1707878172
267,mao,39.8885,4.2658,48.76,100,3,3.44,ES,1707878172
268,sandnessjoen,66.0217,12.6316,19.92,84,100,24.79,NO,1707878176
269,rongelap,11.1635,166.8941,79.5,70,100,17.63,MH,1707878176
270,igrim,63.1906,64.4162,-27.98,96,40,8.19,RU,1707878176
271,naze,28.3667,129.4833,67.12,65,29,19.62,JP,1707878176
272,kolpashevo,58.3131,82.9089,10.11,93,100,11.99,RU,1707877950
273,muroto-misakicho,33.2833,134.15,59.79,70,99,6.71,JP,1707878177
274,alice springs,-23.7,133.8833,100.22,20,0,18.41,AU,1707878112
275,gamba,-2.65,10.0,80.08,89,100,5.08,GA,1707878177
276,callao,-12.0667,-77.15,81.72,69,0,14.97,PE,1707878177
277,richards bay,-28.783,32.0377,68.27,92,3,7.7,ZA,1707878177
278,teguise,29.0605,-13.564,70.02,49,0,6.91,ES,1707878177
279,fada,9.5667,8.3,71.76,10,49,7.94,NG,1707878178
280,el calafate,-50.3408,-72.2768,56.25,92,99,2.55,AR,1707878178
281,salumbar,24.1333,74.05,65.16,42,9,4.65,IN,1707878178
282,porto novo,6.4965,2.6036,79.23,93,6,5.48,BJ,1707878178
283,carnarvon,-24.8667,113.6333,91.49,43,0,7.81,AU,1707878178
284,lianyuan,27.6883,111.6642,66.42,74,2,2.44,CN,1707878179
285,ashburton,-37.8626,145.0794,69.26,49,62,4.0,AU,1707878049
286,lebu,-37.6167,-73.65,56.14,91,8,8.86,CL,1707877911
287,veternik,45.2533,19.7594,41.25,74,100,5.12,RS,1707878180
288,luderitz,-26.6481,15.1594,64.29,67,54,15.88,NA,1707878180
289,collie,-33.3667,116.15,81.95,26,33,7.92,AU,1707878181
290,nasiriyah,31.0521,46.261,61.27,61,0,13.02,IQ,1707878181
291,flying fish cove,-10.4217,105.6791,83.88,74,75,4.61,CX,1707878181
292,fastiv,50.0767,29.9177,44.42,98,100,3.18,UA,1707878181
293,springbok,-29.6643,17.8865,59.58,47,71,1.7,ZA,1707878181
294,pandan,14.0453,124.1694,80.22,81,37,14.94,PH,1707878181
295,brackley,52.0333,-1.15,52.27,94,100,1.99,GB,1707878181
296,jodhpur,26.2867,73.03,60.33,26,5,9.35,IN,1707878182
297,mindif,10.3976,14.4363,73.0,13,6,6.22,CM,1707878182
298,jose maria morelos,23.3952,-103.8984,49.08,50,96,9.35,MX,1707878182
299,kone,-21.0595,164.8658,86.04,67,76,6.58,NC,1707878182
300,bani walid,31.7566,13.9942,55.71,72,69,17.09,LY,1707878183
301,maulavi bazar,24.4833,91.7833,68.83,46,100,5.57,BD,1707878183
302,yabassi,4.457,9.9682,79.88,89,100,0.6,CM,1707878183
303,hilo,19.7297,-155.09,78.53,76,100,6.91,US,1707878183
304,sharm el-sheikh,27.8518,34.305,66.34,37,0,4.61,EG,1707877959
305,mersa matruh,31.3525,27.2453,52.0,76,40,11.5,EG,1707878183
306,wynyard,-41.0,145.7167,66.52,28,5,6.46,AU,1707878184
307,el alto,-4.2714,-81.2147,76.66,77,85,12.88,PE,1707878185
308,khlung,12.4547,102.2214,84.38,39,10,2.1,TH,1707878185
309,coquimbo,-29.9533,-71.3436,65.93,82,100,8.05,CL,1707878185
310,asosa,10.0667,34.5333,68.32,23,33,5.28,ET,1707878185
311,kenora,49.8167,-94.4337,20.37,73,75,10.36,CA,1707878185
312,la passe,45.5549,-0.8967,48.43,87,16,7.52,FR,1707878186
313,tondano,1.3038,124.9112,75.29,80,100,6.98,ID,1707878186
314,araripe,-7.2125,-40.0461,67.41,96,100,2.64,BR,1707878186
315,saldanha,-33.0117,17.9442,60.85,93,100,8.34,ZA,1707878186
316,malango,-2.9627,119.9001,83.8,64,76,3.11,ID,1707878186
317,togur,58.3631,82.8265,10.15,93,100,11.99,RU,1707878186
318,lazaro cardenas,17.9583,-102.2,73.94,79,54,2.13,MX,1707878186
319,puerto deseado,-47.7503,-65.8938,68.18,39,0,12.82,AR,1707878187
320,taksimo,56.3444,114.8794,-0.08,76,100,2.68,RU,1707878187
321,ubatuba,-23.4339,-45.0711,79.38,85,100,5.1,BR,1707878187
322,goronyo,13.4423,5.6763,70.07,12,93,9.69,NG,1707878187
323,labytnangi,66.6572,66.4183,-10.95,89,35,12.73,RU,1707878187
324,puerto aysen,-45.4,-72.7,56.03,70,0,2.42,CL,1707877903
325,moissala,8.3404,17.7663,73.51,14,45,4.99,TD,1707878188
326,puerto montt,-41.4698,-72.9447,59.83,67,0,8.05,CL,1707877902
327,jayapura,-2.5333,140.7,87.19,76,95,6.29,ID,1707878188
328,machico,32.7,-16.7667,70.0,82,20,6.91,PT,1707878188
329,kitimat,54.0524,-128.6534,32.68,86,13,3.0,CA,1707878189
330,usogorsk,63.4106,48.6872,-32.33,100,17,2.82,RU,1707878189
331,kidal,18.4411,1.4078,74.23,19,99,10.45,ML,1707878189
332,ilulissat,69.2167,-51.1,-11.18,53,2,1.14,GL,1707878189
333,ta`u,-14.2336,-169.5144,79.92,92,100,16.96,AS,1707878115
334,basco,20.4487,121.9702,74.57,81,65,15.82,PH,1707878189
335,puerto cabello,10.4731,-68.0125,78.62,84,100,3.13,VE,1707878189
336,arraial do cabo,-22.9661,-42.0278,77.58,87,100,12.55,BR,1707878190
337,lompoc,34.6391,-120.4579,57.78,84,20,11.01,US,1707877919
338,san luis de la loma,17.2706,-100.8939,74.88,74,23,3.11,MX,1707878190
339,emerald,-23.5333,148.1667,90.93,43,98,9.42,AU,1707878190
340,port isabel,26.0734,-97.2086,64.47,71,0,8.05,US,1707878190
341,nar'yan-mar,67.6713,53.087,-20.88,98,6,8.01,RU,1707878190
342,ialysos,36.4104,28.1655,58.82,76,0,12.66,GR,1707878191
343,kibondo,-3.5864,30.7203,61.52,94,90,1.97,TZ,1707878191
344,cockburn town,21.4612,-71.1419,78.19,76,0,8.43,TC,1707878191
345,akonolinga,3.7667,12.25,67.03,97,99,1.57,CM,1707878191
346,bimbo,4.2567,18.4158,76.93,83,0,5.75,CF,1707878191
347,la'ie,21.6477,-157.9253,80.06,71,57,1.01,US,1707878191
348,eyl,7.9803,49.8164,76.48,79,6,11.3,SO,1707878192
349,skegness,53.1436,0.3363,51.35,93,100,14.29,GB,1707878192
350,zouerate,22.7187,-12.4521,74.93,24,42,3.85,MR,1707878192
351,piranhas,-16.4269,-51.8222,74.89,77,50,2.35,BR,1707878192
352,non thai,15.1981,102.0358,83.08,38,3,7.27,TH,1707878192
353,foso,5.7012,-1.2866,77.36,98,28,2.33,GH,1707878193
354,ulsteinvik,62.3432,5.8487,43.7,77,80,18.01,NO,1707878193
355,tomatlan,19.9333,-105.25,70.61,82,100,2.3,MX,1707878193
356,maues,-3.3836,-57.7186,74.8,99,100,3.44,BR,1707878033
357,trincomalee,8.5711,81.2335,80.89,78,36,16.33,LK,1707878193
358,limulunga,-15.0969,23.1376,70.2,73,71,3.58,ZM,1707878193
359,as sulayyil,20.4607,45.5779,59.25,43,0,8.7,SA,1707878193
360,nizhniy odes,63.6445,54.856,-37.53,100,23,4.03,RU,1707878194
361,santa elena de uairen,4.6167,-61.1333,69.53,82,85,3.4,VE,1707878194
362,bulgan,48.8125,103.5347,2.79,71,1,3.83,MN,1707878194
363,turpan,42.9333,89.1667,38.84,33,0,1.07,CN,1707878194
364,safi,32.1667,-8.8333,69.42,33,100,5.26,MA,1707878194
365,palikir - national government center,6.9248,158.1611,84.94,66,100,11.5,FM,1707878194
366,mahanoro,-19.9,48.8,75.0,93,100,5.3,MG,1707878194
367,pyt-yakh,60.7499,72.8582,-15.34,97,100,14.79,RU,1707878195
368,lexington,37.9887,-84.4777,45.72,57,100,4.61,US,1707878093
369,ballina,-28.8667,153.5667,87.78,61,10,10.63,AU,1707878195
370,ambon,-3.6954,128.1814,89.74,66,40,4.61,ID,1707878101
371,sarangani,5.4033,125.4636,81.12,79,7,26.33,PH,1707878195
372,fauske,67.2588,15.3918,23.04,78,100,13.18,NO,1707878195
373,leh,34.1667,77.5833,8.71,59,4,2.28,IN,1707878195
374,ginir,7.1333,40.7,61.0,63,97,4.83,ET,1707878195
375,yuzhno-kurilsk,44.0306,145.8556,35.38,84,47,13.78,RU,1707878196
376,wewak,-3.5534,143.6268,84.0,72,98,10.56,PG,1707878196
377,massena,44.9281,-74.8919,27.72,86,100,9.22,US,1707878163
378,mount gambier,-37.8333,140.7667,67.62,33,10,10.16,AU,1707878196
379,viedma,-40.8135,-62.9967,66.16,27,2,13.87,AR,1707878124
380,villa hidalgo,21.6667,-102.6,59.77,63,100,3.06,MX,1707878196
381,tobelo,1.7284,128.0095,82.6,76,93,14.03,ID,1707878020
382,enewetak,11.3474,162.3373,78.91,79,93,16.84,MH,1707878196
383,cruzilia,-21.8386,-44.8083,66.02,90,100,1.68,BR,1707878197
384,dettingen an der erms,48.5308,9.3448,42.85,84,100,2.3,DE,1707878197
385,natal,-5.795,-35.2094,79.02,89,0,2.3,BR,1707878197
386,kurchatov,51.6601,35.6521,39.42,99,100,9.93,RU,1707878197
387,santana,-0.0583,-51.1817,77.18,94,75,2.3,BR,1707878197
388,la gi,10.6667,107.7833,84.6,60,34,16.87,VN,1707878198
389,zhezqazghan,47.7833,67.7667,21.78,93,40,11.18,KZ,1707878199
390,signal mountain,35.1226,-85.3438,40.62,75,0,1.01,US,1707878199
391,kavieng,-2.5744,150.7967,84.72,73,64,10.87,PG,1707878199
392,andergrove,-21.0833,149.1833,86.65,78,54,9.51,AU,1707878199
393,brokopondo,4.75,-55.1667,76.87,89,15,8.86,SR,1707878199
394,antsiranana,-12.2787,49.2917,77.97,88,67,4.68,MG,1707878199
395,gao,16.6362,1.637,73.0,12,79,13.0,ML,1707878200
396,tsiombe,-25.3,45.4833,75.6,86,100,12.44,MG,1707878119
397,tarumovka,44.0761,46.5361,44.29,71,99,6.26,RU,1707878200
398,colonia,50.9333,6.95,50.05,76,100,8.05,DE,1707877958
399,berezovyy,51.6667,135.7,11.25,73,93,2.62,RU,1707878201
400,agadez,19.75,10.25,64.22,29,0,8.52,NE,1707878201
401,nyrob,60.733,56.7202,-22.74,97,6,5.28,RU,1707878201
402,coahuayana de hidalgo,18.7,-103.6583,72.5,89,78,2.3,MX,1707878202
403,dubbo,-32.25,148.6167,89.73,40,40,10.36,AU,1707878202
404,mil'kovo,55.6078,37.7956,12.69,93,100,10.27,RU,1707878202
405,tegueste,28.5167,-16.3167,69.15,51,20,5.99,ES,1707878202
406,walvis bay,-22.9575,14.5053,61.75,88,13,3.44,NA,1707878202
407,gaspe,48.8334,-64.4819,19.31,67,20,6.91,CA,1707878203
408,san salvador,13.6894,-89.1872,73.63,69,23,3.83,SV,1707877966
409,mizhhirya,48.5246,23.5056,35.1,84,96,6.93,UA,1707878203
410,zabol,32.25,67.25,37.72,40,0,6.24,AF,1707878203
411,broken hill,-31.95,141.4333,77.56,26,0,14.25,AU,1707878140
412,qaisumah,28.3112,46.1273,57.16,58,0,16.11,SA,1707878203
413,"laikit, laikit ii (dimembe)",1.4792,124.9735,79.65,83,40,6.91,ID,1707878203
414,caconda,-13.7333,15.0667,60.66,91,80,1.77,AO,1707878204
415,lusambo,-4.9667,23.45,70.74,98,100,1.45,CD,1707878204
416,sulak,43.2734,47.5146,50.13,75,100,11.74,RU,1707878204
417,revelstoke,50.9832,-118.2023,30.22,69,20,6.91,CA,1707878205
418,qarchi gak,37.04,66.7889,51.28,39,93,12.55,AF,1707878205
419,xichang,27.8964,102.2634,55.8,37,0,2.53,CN,1707878205
420,carthage,36.8611,10.3316,53.13,76,20,8.05,TN,1707877993
421,myeik,12.4333,98.6,83.28,44,16,3.47,MM,1707878205
422,aktau,43.65,51.2,41.58,62,100,9.42,KZ,1707878205
423,ambositra,-20.5167,47.25,63.27,98,100,3.91,MG,1707878205
424,brookings,44.3114,-96.7984,35.6,85,100,6.91,US,1707878205
425,floriano,-6.7669,-43.0225,76.51,83,100,3.06,BR,1707878135
426,nabire,-3.3667,135.4833,85.73,66,33,6.58,ID,1707878206
427,sayat,38.7839,63.8803,44.47,37,11,12.57,TM,1707878206
428,kailua-kona,19.6406,-155.9956,80.56,74,40,10.36,US,1707878046
429,aykhal,66.0,111.5,-26.25,99,100,7.85,RU,1707878206
430,chystyakove,48.0388,38.5969,41.59,78,100,6.46,UA,1707878206
431,kapuskasing,49.4169,-82.4331,6.8,78,100,3.44,CA,1707877982
432,san pablo villa de mitla,16.9167,-96.4,66.43,84,13,5.28,MX,1707878206
433,takoradi,4.8845,-1.7554,81.72,90,19,6.58,GH,1707878207
434,bethanie,-26.4833,17.15,73.78,35,79,2.77,NA,1707878207
435,khovd,48.0056,91.6419,8.38,54,58,2.06,MN,1707878049
436,bafq,31.6128,55.4107,53.67,22,5,7.72,IR,1707878207
437,alofi,-19.0595,-169.9187,84.09,70,75,14.97,NU,1707878207
438,finsterwalde,51.6333,13.7167,38.86,83,100,6.76,DE,1707878207
439,lorengau,-2.0226,147.2712,84.2,75,97,9.62,PG,1707878208
440,revda,56.801,59.9303,-19.16,97,9,5.03,RU,1707878208
441,san antonio de pale,-1.4014,5.6325,83.19,77,100,3.8,GQ,1707878208
442,alvorada,-12.48,-49.1247,74.05,78,6,2.33,BR,1707878208
443,okhtyrka,50.3104,34.8988,43.54,93,100,8.63,UA,1707878209
444,naha,26.2125,127.6811,73.98,64,75,25.32,JP,1707878209
445,montepuez,-13.1256,38.9997,68.81,99,100,1.43,MZ,1707878209
446,tshabong,-26.05,22.45,80.73,33,69,5.64,BW,1707878209
447,ixtapa,20.7,-105.2,74.43,78,100,3.0,MX,1707878209
448,dul'durga,50.6761,113.5931,8.92,54,51,14.14,RU,1707878209
449,prieska,-29.6641,22.7474,70.54,24,38,4.32,ZA,1707878210
450,neiafu,-18.65,-173.9833,86.68,79,75,14.97,TO,1707878210
451,pontes e lacerda,-15.2261,-59.3353,72.39,96,37,1.5,BR,1707878210
452,remire-montjoly,4.9167,-52.2667,80.64,89,75,6.91,GF,1707878028
453,urengoy,65.9667,78.3667,-28.79,97,9,10.2,RU,1707878210
454,dakoro,14.5106,6.765,67.33,21,20,11.5,NE,1707878210
455,panuco,22.05,-98.1667,69.98,73,77,6.67,MX,1707878211
456,kristinestad,62.2743,21.376,16.11,95,100,11.1,FI,1707878212
457,kirsehir,39.3333,34.1667,42.17,90,100,3.6,TR,1707878212
458,punta del este,-34.9667,-54.95,62.87,67,75,8.05,UY,1707878212
459,quellon,-43.1167,-73.6167,52.29,66,1,6.22,CL,1707878212
460,fisterra,42.9049,-9.2629,61.75,98,100,18.21,ES,1707878212
461,wafangdian,39.6183,122.0081,42.3,69,37,14.18,CN,1707878212
462,roscommon,53.6333,-8.1833,45.12,98,99,4.99,IE,1707878212
463,lalganj,25.8667,85.1833,67.95,88,100,8.3,IN,1707878213
464,burao,9.5221,45.5336,64.6,79,4,6.82,SO,1707878213
465,tucuma,-0.1833,-50.05,74.7,94,100,4.0,BR,1707878213
466,kolonia,50.9333,6.95,50.05,76,100,9.22,DE,1707878213
467,minas de marcona,-15.2119,-75.1103,67.06,85,81,9.64,PE,1707878068
468,ketchikan,55.3422,-131.6461,42.78,70,0,9.22,US,1707878213
469,pisco,-13.7,-76.2167,75.25,83,0,12.66,PE,1707878214
470,aitape,-3.1374,142.3475,80.42,84,100,5.86,PG,1707878214
471,prince rupert,54.3161,-130.3201,44.29,100,0,5.75,CA,1707878214
472,mugia,43.1041,-9.2179,61.92,97,100,16.55,ES,1707878214
473,elko,41.0002,-115.5012,37.42,67,100,10.0,US,1707878217
474,harlingen,26.1906,-97.6961,64.35,79,0,9.22,US,1707878217
475,grantsville,40.5999,-112.4644,41.59,76,100,0.83,US,1707878217
476,engel's,51.5,46.1167,23.18,74,100,10.0,RU,1707878217
477,bubaque,11.2833,-15.8333,79.84,68,100,12.46,GW,1707878217
478,abashiri,44.0213,144.2697,43.09,61,20,4.61,JP,1707878217
479,monteiro,-7.8894,-37.12,73.45,73,100,3.83,BR,1707878093
480,saint peters,38.8003,-90.6265,52.14,54,0,1.99,US,1707878218
481,maintirano,-18.0667,44.0167,76.62,89,100,8.52,MG,1707878218
482,san carlos de bariloche,-41.1456,-71.3082,65.95,42,0,8.05,AR,1707878218
483,strazhitsa,43.2333,25.9667,44.4,93,100,4.43,BG,1707878218
484,freetown,8.484,-13.2299,77.63,81,66,1.59,SL,1707878218
485,mermoz boabab,14.7065,-17.4758,70.36,86,3,14.58,SN,1707878218
486,smirnovo,54.5125,69.4222,8.62,90,82,20.54,KZ,1707878218
487,kargasok,59.0556,80.8572,7.97,95,100,14.0,RU,1707878219
488,szecseny,48.0806,19.5202,36.03,82,6,2.68,HU,1707878219
489,nyurba,63.2842,118.3319,-29.81,96,92,4.36,RU,1707878219
490,san juan,-31.5375,-68.5364,80.33,43,46,11.36,AR,1707878053
491,rabo de peixe,37.8,-25.5833,56.71,88,75,6.91,PT,1707878219
492,guerrero negro,27.9769,-114.0611,59.54,64,58,12.17,MX,1707878219
493,kalaleh,37.3807,55.4916,53.2,54,0,0.0,IR,1707878219
494,daugavgriva,57.0432,24.0361,33.87,95,100,3.44,LV,1707878219
495,rundu,-17.9333,19.7667,68.31,52,13,6.02,NA,1707878220
496,begusarai,25.4167,86.1333,64.65,84,100,2.86,IN,1707878220
497,danjiangkou,32.5428,111.5086,61.9,58,100,2.8,CN,1707878220
498,saint-philippe,-21.3585,55.7679,76.59,89,97,9.4,RE,1707878087
499,anloga,5.7947,0.8973,81.01,92,0,11.83,GH,1707878220
500,yibin,28.7667,104.6238,59.92,63,96,2.1,CN,1707878220
501,belmonte,-15.8631,-38.8828,77.63,87,64,3.58,BR,1707878221
502,fort st. john,56.2499,-120.8529,26.49,46,75,5.75,CA,1707877958
503,urzhar,47.093,81.6294,18.75,71,100,1.72,KZ,1707878221
504,kingston,17.997,-76.7936,81.55,88,20,6.91,JM,1707878030
505,akureyri,65.6835,-18.0878,21.13,86,40,9.22,IS,1707878222
506,lycksele,64.5954,18.6735,6.67,85,75,4.61,SE,1707878175
507,maun,-19.9833,23.4167,69.4,47,3,5.5,BW,1707878223
508,islamorada,24.9243,-80.6278,66.02,64,0,16.28,US,1707878223
509,henderson,36.0397,-114.9819,58.44,35,0,8.05,US,1707878074
510,maceio,-9.6658,-35.7353,78.24,94,40,2.3,BR,1707878223
511,hudiksvall,61.729,17.1036,24.19,98,100,2.46,SE,1707878223
512,khandyga,62.6667,135.6,-22.83,94,100,2.04,RU,1707878223
513,ha giang,22.8333,104.9833,66.69,92,100,2.39,VN,1707878223
514,puerto baquerizo moreno,-0.9,-89.6,80.13,86,100,11.88,EC,1707878224
515,jieshi,22.8134,115.8257,69.01,73,15,9.95,CN,1707878224
516,gurupi,-11.7292,-49.0686,75.18,82,12,3.06,BR,1707878225
517,mafinga,-7.25,35.0667,66.25,97,96,2.3,TZ,1707878226
518,tagta,41.6504,59.9164,40.95,75,0,9.22,TM,1707878226
519,vryburg,-26.9566,24.7284,73.4,41,96,6.29,ZA,1707878226
520,sosnovo-ozerskoye,52.5249,111.5418,-2.74,82,30,11.14,RU,1707878226
521,novyy urengoy,66.0833,76.6333,-30.55,98,10,9.69,RU,1707878226
522,den burg,53.0542,4.7972,48.96,95,100,20.71,NL,1707878226
523,preobrazheniye,42.9019,133.9064,41.61,51,62,2.75,RU,1707878227
524,south hedland,-20.4089,118.5983,89.53,66,18,8.05,AU,1707878227
525,mocimboa,-11.3167,40.35,75.92,93,99,5.93,MZ,1707878227
526,mishkino,55.3389,63.9175,-7.69,91,95,17.47,RU,1707878227
527,yungay,-9.1383,-77.7436,61.18,86,100,2.64,PE,1707878227
528,asasa,7.1,39.2,56.75,77,85,3.56,ET,1707878227
529,ocean city,39.2776,-74.5746,41.02,74,8,5.99,US,1707878228
530,sao miguel do araguaia,-13.275,-50.1628,76.05,77,10,3.02,BR,1707878076
531,berdigestyakh,62.0989,126.6992,-11.58,89,100,6.46,RU,1707878228
532,coyhaique,-45.5752,-72.0662,63.21,44,0,2.3,CL,1707878228
533,qandala,11.472,49.8728,77.36,66,22,11.14,SO,1707878229
534,takahagi,36.7167,140.7167,65.08,46,0,3.0,JP,1707878229
535,golden hills,35.1425,-118.4904,47.61,84,66,7.0,US,1707878229
536,vilyuysk,63.7553,121.6247,-35.0,98,75,5.01,RU,1707878004
537,laguna,38.421,-121.4238,55.96,72,0,3.44,US,1707878229
538,sabang,5.8933,95.3214,82.0,79,26,23.0,ID,1707878229
539,westerland,54.9079,8.3033,42.03,100,100,11.5,DE,1707878230
